0.000000 0.000000 0.937652
0.000000 1.000000 1.624616
0.000000 2.000000 1.356581
0.000000 3.000000 1.926645
0.000000 4.000000 2.302307
0.000000 5.000000 2.447951
0.000000 6.000000 2.349474
0.000000 7.000000 2.020756
0.000000 8.000000 1.497116
0.000000 9.000000 1.801026
0.000000 10.000000 1.000000
1.000000 0.000000 1.664681
1.000000 1.000000 2.343842
1.000000 2.000000 3.155034
1.000000 3.000000 3.888673
1.000000 4.000000 4.444887
1.000000 5.000000 3.690832
1.000000 6.000000 4.484593
1.000000 7.000000 3.977303
1.000000 8.000000 3.290831
1.000000 9.000000 2.517412
1.000000 10.000000 1.820142
2.000000 0.000000 1.402175
2.000000 1.000000 3.168910
2.000000 2.000000 4.027259
2.000000 3.000000 4.858646
2.000000 4.000000 6.487370
2.000000 5.000000 6.683142
2.000000 6.000000 6.535229
2.000000 7.000000 4.941721
2.000000 8.000000 4.148676
2.000000 9.000000 3.313663
2.000000 10.000000 2.561434
3.000000 0.000000 1.966611
3.000000 1.000000 3.903906
3.000000 2.000000 4.864325
3.000000 3.000000 6.777779
3.000000 4.000000 7.413806
3.000000 5.000000 7.689839
3.000000 6.000000 7.456283
3.000000 7.000000 6.859850
3.000000 8.000000 4.968447
3.000000 9.000000 4.026479
3.000000 10.000000 2.089209
4.000000 0.000000 2.336896
4.000000 1.000000 4.457314
4.000000 2.000000 6.493525
4.000000 3.000000 7.415641
4.000000 4.000000 8.315056
4.000000 5.000000 8.801433
4.000000 6.000000 8.351820
4.000000 7.000000 7.486268
4.000000 8.000000 6.591948
4.000000 9.000000 4.563245
4.000000 10.000000 2.439941
5.000000 0.000000 2.477125
5.000000 1.000000 3.712417
5.000000 2.000000 6.686825
5.000000 3.000000 7.690701
5.000000 4.000000 8.801085
5.000000 5.000000 10.000000
5.000000 6.000000 8.832838
5.000000 7.000000 7.751729
5.000000 8.000000 6.772263
5.000000 9.000000 4.853120
5.000000 10.000000 2.560611
6.000000 0.000000 2.373110
6.000000 1.000000 4.502305
6.000000 2.000000 6.534719
6.000000 3.000000 7.454334
6.000000 4.000000 8.349519
6.000000 5.000000 8.831249
6.000000 6.000000 8.377246
6.000000 7.000000 7.507811
6.000000 8.000000 6.610165
6.000000 9.000000 4.584252
6.000000 10.000000 2.437242
7.000000 0.000000 2.038706
7.000000 1.000000 3.990625
7.000000 2.000000 4.951219
7.000000 3.000000 6.854006
7.000000 4.000000 7.481008
7.000000 5.000000 7.747723
7.000000 6.000000 7.505614
7.000000 7.000000 6.901695
7.000000 8.000000 5.011081
7.000000 9.000000 4.050873
7.000000 10.000000 2.083821
8.000000 0.000000 1.509226
8.000000 1.000000 3.299505
8.000000 2.000000 4.155154
8.000000 3.000000 4.973458
8.000000 4.000000 6.583278
8.000000 5.000000 6.765437
8.000000 6.000000 6.605459
8.000000 7.000000 5.005724
8.000000 8.000000 4.193183
8.000000 9.000000 3.338968
8.000000 10.000000 1.535760
9.000000 0.000000 1.807150
9.000000 1.000000 2.521611
9.000000 2.000000 3.317487
9.000000 3.000000 4.030243
9.000000 4.000000 4.567128
9.000000 5.000000 3.799122
9.000000 6.000000 4.568350
9.000000 7.000000 4.040763
9.000000 8.000000 3.334181
9.000000 9.000000 2.540982
9.000000 10.000000 1.824739
10.000000 0.000000 1.000000
10.000000 1.000000 1.821551
10.000000 2.000000 2.563905
10.000000 3.000000 2.071312
10.000000 4.000000 2.426713
10.000000 5.000000 2.551983
10.000000 6.000000 2.433128
10.000000 7.000000 2.084119
10.000000 8.000000 1.540352
10.000000 9.000000 1.820541
10.000000 10.000000 1.000000
