-5.930000 0.280000 4.370000
-5.360000 -0.290000 3.810000
-4.820000 2.700000 4.120000
-4.760000 -0.890000 3.290000
-4.750000 -2.910000 3.960000
-4.420000 2.010000 3.470000
-4.120000 -1.530000 2.880000
-4.010000 1.290000 2.820000
-3.800000 -3.460000 4.470000
-3.580000 0.540000 2.200000
-3.420000 -4.730000 4.170000
-3.220000 -3.790000 3.310000
-3.120000 -0.250000 1.650000
-2.640000 -1.080000 1.130000
-2.580000 3.970000 3.590000
-2.570000 -4.960000 4.000000
-2.400000 -4.260000 3.310000
-2.370000 3.190000 2.880000
-2.150000 2.380000 2.160000
-2.080000 -2.050000 1.300000
-2.040000 -3.610000 2.600000
-1.930000 1.550000 1.420000
-1.710000 -5.190000 3.940000
-1.690000 0.650000 0.760000
-1.580000 -4.740000 3.480000
-1.440000 -0.260000 0.020000
-1.320000 -4.330000 3.060000
-1.120000 -1.490000 0.550000
-0.950000 -4.000000 2.750000
-0.850000 -5.420000 4.020000
-0.790000 -2.720000 1.660000
-0.770000 -5.200000 3.770000
-0.640000 -5.010000 3.590000
-0.490000 -3.810000 2.660000
-0.450000 -4.860000 3.490000
-0.240000 -4.770000 3.500000
0.000000 -5.650000 4.310000
0.000000 -4.760000 3.770000
0.000000 -3.760000 2.820000
0.000000 -2.660000 1.950000
0.000000 -1.450000 1.090000
0.000000 -0.280000 0.790000
0.000000 0.820000 0.910000
0.000000 1.800000 1.420000
0.000000 2.660000 2.170000
0.000000 3.530000 2.820000
0.000000 4.340000 3.530000
0.230000 -4.790000 3.770000
0.440000 -4.890000 3.980000
0.480000 -3.850000 3.150000
0.750000 -2.850000 2.530000
0.910000 -4.080000 3.560000
1.030000 -1.800000 2.060000
1.250000 -4.400000 3.980000
1.310000 -0.750000 1.920000
1.400000 -3.230000 3.190000
1.530000 -4.760000 3.980000
1.590000 0.290000 1.910000
1.840000 1.210000 2.320000
1.900000 -3.750000 3.840000
1.900000 -2.370000 2.990000
2.300000 2.950000 3.370000
2.330000 -4.300000 3.840000
2.390000 -1.510000 2.980000
2.520000 3.750000 3.970000
2.530000 -3.120000 4.030000
3.090000 -3.860000 4.030000
3.150000 -2.500000 4.200000
3.240000 -3.780000 6.880000
3.370000 0.180000 3.290000
3.580000 -3.580000 8.100000
3.820000 -1.830000 4.220000
3.820000 0.960000 3.680000
3.880000 -3.410000 9.160000
4.060000 -3.300000 10.290000
4.230000 -3.210000 11.230000
4.240000 1.700000 4.170000
4.440000 -1.210000 4.460000
4.610000 2.340000 4.840000
4.910000 -0.740000 5.240000
5.050000 -0.600000 6.810000
5.170000 -0.480000 8.160000
